NOAA 15                 
1 25338U 98030A   21286.17095154  .00000046  00000-0  37847-4 0  9995
2 25338  98.6737 313.5951 0009384 301.0250  59.0008 14.26062884218021
DMSP 5D-3 F15 (USA 147) 
1 25991U 99067A   21286.24041525  .00000040  00000-0  43166-4 0  9997
2 25991  99.0301 268.9118 0010311 164.5164 206.3719 14.16473291128791
METEOSAT-8 (MSG-1)      
1 27509U 02040B   21285.49025978  .00000127  00000-0  00000+0 0  9990
2 27509   7.5820  51.8930 0001226 163.2492  24.0485  1.00273324 70115
DMSP 5D-3 F16 (USA 172) 
1 28054U 03048A   21286.08909907  .00000017  00000-0  32676-4 0  9991
2 28054  98.9662 270.9401 0006610 302.1960 139.1611 14.13638570928085
NOAA 18                 
1 28654U 05018A   21286.09339519  .00000117  00000-0  87629-4 0  9992
2 28654  98.9821 351.3593 0013411 312.6225  47.3814 14.12646156845149
METEOSAT-9 (MSG-2)      
1 28912U 05049B   21285.69801343  .00000007  00000-0  00000-0 0  9999
2 28912   5.4649  67.7671 0001008  39.5749 168.8558  1.00275594 57907
FORMOSAT-3 FM6          
1 29047U 06011A   21285.51489440  .00000318  00000-0  14039-3 0  9995
2 29047  71.9790 205.9909 0051991 309.0131  50.6382 14.28846815810182
FORMOSAT-3 FM1          
1 29048U 06011B   21285.89554766  .00000115  00000-0  61474-4 0  9992
2 29048  71.9642 115.5640 0045448 268.9869  90.6060 14.28808561812677
FORMOSAT-3 FM5          
1 29049U 06011C   21286.22036869  .00000151  00000-0  75672-4 0  9995
2 29049  72.0187 289.2952 0037171 289.4431  70.2690 14.28891479808539
FORMOSAT-3 FM3          
1 29050U 06011D   21285.41375694  .00000469  00000-0  10822-3 0  9996
2 29050  72.0181  27.6973 0049318 171.0598 189.1446 14.59135158826604
FORMOSAT-3 FM4          
1 29051U 06011E   21285.43896228  .00000138  00000-0  69163-4 0  9996
2 29051  72.0057 192.0059 0067979 172.9959 187.2145 14.28922590810982
FORMOSAT-3 FM2          
1 29052U 06011F   21286.10283949  .00000152  00000-0  75832-4 0  9998
2 29052  72.0327 266.2975 0042273 250.0284 109.6298 14.29032272809461
EWS-G1 (GOES 13)        
1 29155U 06018A   21285.85326175  .00000022  00000-0  00000-0 0  9996
2 29155   0.1651 112.0317 0006943 100.6496 177.8058  1.00269254 26249
METOP-A                 
1 29499U 06044A   21286.08688976  .00000004  00000-0  20720-4 0  9997
2 29499  98.4609 320.5958 0000750  70.8880 343.3052 14.21513201777456
DMSP 5D-3 F17 (USA 191) 
1 29522U 06050A   21286.20536721  .00000035  00000-0  41183-4 0  9995
2 29522  98.7813 300.7556 0008857 241.6844 118.3435 14.14047225770954
FENGYUN 3A              
1 32958U 08026A   21286.19864225  .00000027  00000-0  32807-4 0  9992
2 32958  98.4658 254.4473 0009262  25.2136 334.9491 14.18671025693271
FENGYUN 2E              
1 33463U 08066A   21285.92992652 -.00000211  00000-0  00000-0 0  9996
2 33463   5.3620  66.6150 0002638 329.8090  46.4435  1.00265956 46966
NOAA 19                 
1 33591U 09005A   21286.20965470  .00000064  00000-0  59783-4 0  9993
2 33591  99.1776 309.8011 0014301 158.6929 201.4840 14.12500463653541
GOES 14                 
1 35491U 09033A   21285.60477721 -.00000107  00000-0  00000-0 0  9998
2 35491   0.3247 281.6074 0015623 292.2725 281.0151  1.00271280 44988
METEOR-M 1              
1 35865U 09049A   21285.70000665  .00000035  00000-0  34498-4 0  9991
2 35865  98.4940 259.6538 0001571 201.1373 158.9741 14.22286622626321
DMSP 5D-3 F18 (USA 210) 
1 35951U 09057A   21286.21095097  .00000089  00000-0  69875-4 0  9992
2 35951  98.6935 267.1164 0012251  72.6839 287.5673 14.13402881618193
GOES 15                 
1 36411U 10008A   21285.67184797  .00000042  00000-0  00000-0 0  9997
2 36411   0.3535 275.7868 0000977 234.2596 345.2195  1.00263763 42542
COMS 1                  
1 36744U 10032A   21285.86651892 -.00000358  00000-0  00000-0 0  9990
2 36744   0.4775  95.9503 0000889  89.8110 276.0177  1.00270503 33961
FENGYUN 3B              
1 37214U 10059A   21286.18121624  .00000016  00000-0  31767-4 0  9991
2 37214  99.0875 282.5839 0016806 344.0558  16.0084 14.16001727565996
SUOMI NPP               
1 37849U 11061A   21286.08210715  .00000040  00000-0  39835-4 0  9999
2 37849  98.7448 223.2191 0000975  61.3205   2.5048 14.19546134516099
FENGYUN 2F              
1 38049U 12002A   21285.93507240 -.00000370  00000-0  00000-0 0  9998
2 38049   3.1889  81.4045 0002354  10.3235  18.8489  1.00275973 35768
METEOSAT-10 (MSG-3)     
1 38552U 12035B   21285.84288279  .00000051  00000-0  00000-0 0  9996
2 38552   1.2547  22.0387 0001630 187.2196 125.4063  1.00279878 33728
METOP-B                 
1 38771U 12049A   21286.14024062  .00000017  00000-0  27976-4 0  9993
2 38771  98.7021 344.6552 0001867  66.0129 348.1269 14.21488032470591
FENGYUN 3C              
1 39260U 13052A   21286.15002569  .00000024  00000-0  33066-4 0  9996
2 39260  98.4876 321.4068 0009968 267.4684  92.5353 14.15880881416920
METEOR-M 2              
1 40069U 14037A   21286.12123534 -.00000023  00000-0  86132-5 0  9995
2 40069  98.4533 309.9790 0005074 331.9864  28.1048 14.20689520376747
HIMAWARI-8              
1 40267U 14060A   21285.86896104 -.00000289  00000-0  00000-0 0  9990
2 40267   0.0172 192.2350 0000794  14.2839 268.6357  1.00272716 25639
FENGYUN 2G              
1 40367U 14090A   21285.86084973 -.00000315  00000-0  00000-0 0  9997
2 40367   1.3156  91.6033 0002327 273.2429  66.4160  1.00268374 24867
METEOSAT-11 (MSG-4)     
1 40732U 15034A   21285.84215847 -.00000016  00000-0  00000-0 0  9994
2 40732   0.3588 113.8660 0001191  18.1468 192.9689  1.00264469 22894
ELEKTRO-L 2             
1 41105U 15074A   21285.26073584 -.00000126  00000-0  00000-0 0  9991
2 41105   2.3636  91.0324 0002828  97.3497 272.0465  1.00270935 21388
HIMAWARI-9              
1 41836U 16064A   21285.86904826 -.00000289  00000-0  00000-0 0  9990
2 41836   0.0107 208.8833 0000393 303.0754 323.3200  1.00270356 18063
GOES 16                 
1 41866U 16071A   21285.82596248 -.00000262  00000-0  00000-0 0  9993
2 41866   0.0997  77.8296 0000645 139.8337  26.1212  1.00271300 17983
FENGYUN 4A              
1 41882U 16077A   21286.20766517 -.00000344  00000-0  00000+0 0  9998
2 41882   0.2007 285.2252 0004216 117.8418 158.2561  1.00264635 17859
CYGFM05                 
1 41884U 16078A   21286.09817948  .00001326  00000-0  70576-4 0  9993
2 41884  34.9564 300.7493 0015228  36.0391 324.1345 15.15200755267338
CYGFM04                 
1 41885U 16078B   21285.70753922  .00001323  00000-0  69490-4 0  9992
2 41885  34.9496 293.7614 0013532  47.1480 313.0366 15.15709776267200
CYGFM02                 
1 41886U 16078C   21285.43757211  .00001336  00000-0  70128-4 0  9992
2 41886  34.9587 297.5165 0014335  39.3812 320.7940 15.15708901267245
CYGFM01                 
1 41887U 16078D   21286.13043545  .00001251  00000-0  67081-4 0  9999
2 41887  34.9531 302.4862 0015689  36.2028 323.9743 15.14988943267312
CYGFM08                 
1 41888U 16078E   21285.72539786  .00001310  00000-0  69338-4 0  9994
2 41888  34.9502 298.7499 0014830  42.6184 317.5675 15.15409959267257
CYGFM06                 
1 41889U 16078F   21286.20894254  .00001297  00000-0  68187-4 0  9998
2 41889  34.9582 291.4173 0013215  46.3068 313.8736 15.15704530267433
CYGFM07                 
1 41890U 16078G   21285.72679330  .00001360  00000-0  71372-4 0  9993
2 41890  34.9522 293.2917 0013001  45.9302 314.2478 15.15698884267212
CYGFM03                 
1 41891U 16078H   21285.72453713  .00001344  00000-0  70613-4 0  9998
2 41891  34.9554 293.7042 0012527  43.9794 316.1913 15.15694596267207
FENGYUN 3D              
1 43010U 17072A   21286.11480694 -.00000008  00000-0  17087-4 0  9993
2 43010  98.7974 227.2522 0002200 109.2806 250.8612 14.19779207202685
NOAA 20                 
1 43013U 17073A   21286.17484609  .00000021  00000-0  30708-4 0  9992
2 43013  98.7281 223.0602 0001305  73.0094 287.1225 14.19556665202149
GOES 17                 
1 43226U 18022A   21285.74162251  .00000084  00000-0  00000-0 0  9998
2 43226   0.0481 294.4028 0000473 213.4507   3.4732  1.00271106 13288
FENGYUN 2H              
1 43491U 18050A   21285.85666326 -.00000141  00000-0  00000-0 0  9992
2 43491   0.5258 104.3962 0004114  38.7968 265.9075  1.00274705 12305
METOP-C                 
1 43689U 18087A   21286.02535008  .00000011  00000-0  24927-4 0  9996
2 43689  98.7219 344.5213 0003573  51.3611 308.7886 14.21481704152151
GEO-KOMPSAT-2A          
1 43823U 18100A   21285.86651892 -.00000358  00000-0  00000-0 0  9990
2 43823   0.0267 298.0746 0001572 287.3212 236.4859  1.00271551 10496
METEOR-M2 2             
1 44387U 19038A   21286.12040506 -.00000030  00000-0  61165-5 0  9992
2 44387  98.6844 244.3850 0000338 315.8568  44.2584 14.23691995118212
FENGYUN 3E              
1 49008U 21062A   21286.08367182 -.00000027  00000-0  77014-5 0  9990
2 49008  98.7065 287.0160 0002150  24.5100 335.6174 14.19813353 14217
